10,95
10,171
10,75
10,279
10,105
10,245
11,27
11,9
11,13
8,7
8,10
8,18
8,5
36,5
36,3
36,1
35,4
35,3
35,1
34,69
34,68
34,67
34,66
34,65
34,64
34,36
34,35
34,34
34,33
34,32
34,31
34,30
34,29
34,28
34,27
34,26
34,25
34,24
34,23
34,22
34,1
34,4
34,3
32,5
32,3
32,1
31,4
31,3
31,1
30,3
30,1
29,5
29,4
29,3
29,1
28,3
28,1
27,4
27,3
27,1
26,4
26,3
26,1
25,3
25,1
20,3
20,2
20,1
19,3
19,2
19,1
18,3
18,1
14,5
14,4
14,3
14,1
13,3
13,1
12,3
12,2
12,1
11,29
11,25
11,17
11,11
11,7
11,3
11,2
11,1
10,303
10,289
10,277
10,273
10,269
10,265
10,167
10,121
10,3
10,2
10,1
9,7
9,5
9,3
9,2
9,1
